VITE_GMAP_API_KEY=AIzaSyDcwsBTuzqUTjhN03jD2_LqCqH0nDYCZ6U
VITE_NORTH=31.5865
VITE_SOUTH=51.584
VITE_WEST=-97.476
VITE_EAST=-77.470
VITE_CENTER_LAT=41.585118752281346
VITE_CENTER_LNG=-87.47408630819197 