VITE_GMAP_API_KEY=AIzaSyDcwsBTuzqUTjhN03jD2_LqCqH0nDYCZ6U
VITE_CENTER_LAT=41.585118752281346
VITE_CENTER_LNG=-87.47408630819197 